[24, 25, 36, 0],
[14, 15, 35, 36],
[15, 35, 36, 47],
[36, 58, 59, 0],
[15, 35, 36, 0],
[24, 25, 26, 0],
[26, 57, 58, 0],
[26, 35, 0, 0],
[47, 48, 0, 0],
[35, 36, 0, 0],
[35, 36, 0, 0],
[36, 0, 0, 0],
[47, 58, 0, 0],
[15, 0, 0, 0],
[26, 47, 0, 0],
[47, 58, 0, 0],
[35, 36, 47, 0],
[24, 58, 0, 0],
[15, 47, 0, 0]
(-1, -1, -1, 1, 0, 0, 0, 1, 1),
(-1, -1, -1, 0, 1, 0, 1, 0, 1),
(-1, 0, -1, -1, 1, 0, 0, 0, 1),
(0, -1, -1, 1, -1, 0, 0, 0, 1),
(-1, 0, -1, 1, 1, 0, 0, 1, 0),
(-1, -1, 0, 1, 0, 1, 0, 0, 1),
(0, -1, -1, 0, -1, 1, 1, 0, 0),
(0, -1, -1, -1, 1, 1, 1, 0, 0),
(-1, 0, -1, -1, 0, 1, 0, 1, 0),
(0, -1, -1, 0, 1, 0, 0, 0, 1),
(0, -1, -1, 0, 1, 0, 1, 0, 0),
(-1, 0, -1, 1, 0, 0, 0, 0, 1),
(0, 0, -1, -1, -1, 1, 0, 0, 0),
(-1, 0, 0, 1, 1, 1, 0, 0, 0),
(0, -1, 0, -1, 1, 1, 0, 0, 0),
(-1, 0, 0, -1, -1, 1, 0, 0, 0),
(0, 0, -1, -1, 1, 0, 0, 0, 0),
(0, -1, 0, 1, -1, 0, 0, 0, 0),
(-1, 0, 0, -1, 1, 0, 0, 0, 0)